0.2817,0.9169,0.5555,0.1228,0.6684,0.613,0.9184,0.9544,0.711,0.1608,0.449,0.4563,0.7324,0.3414,0.499,0.6699,0.6812,0.0586,0.8553,0.9589,0.47,0.1916,0.7803,0.8456,0.0062,0.6638,0.3416,0.4431,0.8483,0.4637,0.4971,0.5053,
0.4047,0.9047,0.84,0.2482,0.7276,0.3687,0.9952,0.1309,0.2497,0.1431,0.4079,0.7274,0.2606,0.7309,0.6696,0.67,0.5277,0.1896,0.5826,0.3979,0.2279,0.6404,0.8835,0.1074,0.2753,0.0742,0.9165,0.8678,0.2063,0.9805,0.5758,0.338,
0.0142,0.1244,0.5216,0.903,0.7129,0.006,0.0139,0.3308,0.9538,0.1506,0.7069,0.2473,0.7205,0.3986,0.3985,0.8212,0.9803,0.7905,0.0405,0.059,0.1881,0.4754,0.279,0.0199,0.7023,0.3122,0.4188,0.0771,0.5018,0.4746,0.9832,0.0777,
0.0725,0.4278,0.973,0.881,0.9694,0.0969,0.523,0.2931,0.3551,0.9177,0.8982,0.8562,0.7652,0.7255,0.6781,0.302,0.458,0.1168,0.5334,0.73,0.9674,0.0033,0.2193,0.7374,0.8994,0.5625,0.278,0.7895,0.584,0.6901,0.4748,0.0972,
0.9293,0.3563,0.1734,0.1464,0.711,0.9787,0.6992,0.8091,0.5733,0.0397,0.2352,0.6615,0.2188,0.6928,0.9501,0.7296,0.6213,0.0341,0.8646,0.3906,0.6084,0.0444,0.4314,0.5668,0.8273,0.9471,0.9239,0.6684,0.9361,0.8762,0.5082,0.9645,
0.8423,0.2941,0.3064,0.1902,0.947,0.5637,0.8522,0.2359,0.6492,0.438,0.0834,0.7065,0.8147,0.0043,0.4236,0.9852,0.5179,0.7962,0.5602,0.1945,0.1311,0.3677,0.2465,0.1058,0.7524,0.6163,0.823,0.6172,0.0397,0.5345,0.1855,0.8928,
0.7479,0.8717,0.609,0.6363,0.6584,0.3987,0.1797,0.2586,0.1273,0.0767,0.5817,0.8901,0.1858,0.4589,0.642,0.2891,0.9777,0.0733,0.3429,0.7003,0.3346,0.375,0.98,0.6301,0.4558,0.0892,0.7643,0.3222,0.9885,0.4161,0.4458,0.4407,
0.2814,0.6189,0.4702,0.0987,0.2256,0.9742,0.7721,0.903,0.8894,0.9279,0.5532,0.1348,0.1032,0.5717,0.3005,0.5259,0.259,0.2308,0.8551,0.3535,0.8492,0.036,0.5611,0.7316,0.6905,0.8448,0.3956,0.0471,0.3533,0.7687,0.5075,0.4627,
0.0475,0.8685,0.7796,0.287,0.1041,0.2848,0.8675,0.7988,0.2369,0.1876,0.6668,0.8065,0.9657,0.4471,0.3137,0.8198,0.9435,0.8571,0.6331,0.2176,0.4378,0.0722,0.413,0.2056,0.8897,0.1626,0.0094,0.6769,0.2956,0.8336,0.5605,0.309,
0.1411,0.9093,0.5261,0.3638,0.7522,0.638,0.3567,0.6916,0.2245,0.7415,0.848,0.3829,0.5388,0.9001,0.1328,0.3597,0.0817,0.5423,0.3305,0.9553,0.5479,0.392,0.5827,0.1888,0.1252,0.2136,0.5795,0.0118,0.9325,0.5926,0.709,0.2758,
0.9176,0.3895,0.6462,0.5503,0.807,0.7141,0.5379,0.2061,0.2426,0.8813,0.9401,0.3724,0.9443,0.8288,0.3127,0.4743,0.5889,0.9062,0.1918,0.0607,0.1132,0.775,0.1209,0.547,0.3147,0.4012,0.0467,0.311,0.9502,0.7656,0.1634,0.3058,
0.0136,0.9703,0.1231,0.9834,0.5116,0.8758,0.1216,0.8585,0.851,0.2695,0.6155,0.4837,0.8994,0.8363,0.33,0.9575,0.8906,0.877,0.7759,0.3399,0.6054,0.8069,0.7116,0.5126,0.6802,0.9516,0.8551,0.0869,0.4689,0.057,0.6831,0.9379,
0.617,0.2289,0.3352,0.8217,0.3918,0.7276,0.4855,0.3194,0.861,0.1564,0.5366,0.0439,0.2057,0.1028,0.6499,0.6435,0.8175,0.2193,0.9302,0.6432,0.336,0.0637,0.5525,0.5725,0.456,0.7552,0.7383,0.1488,0.1569,0.6532,0.2685,0.5078,
0.9879,0.8117,0.6546,0.6021,0.1828,0.9256,0.1795,0.9264,0.6693,0.8451,0.767,0.6679,0.489,0.5076,0.0438,0.232,0.7516,0.3124,0.0136,0.846,0.0079,0.5462,0.4844,0.6058,0.8468,0.4569,0.7552,0.8971,0.5946,0.9696,0.1037,0.598,
0.2291,0.8382,0.2957,0.8465,0.0059,0.2369,0.6804,0.4468,0.8404,0.4076,0.4329,0.1775,0.1881,0.0014,0.1566,0.3633,0.0214,0.1789,0.3708,0.0803,0.5175,0.365,0.3713,0.271,0.2353,0.7972,0.5767,0.867,0.889,0.6476,0.7489,0.7381,
0.3062,0.5537,0.414,0.9176,0.7952,0.8491,0.397,0.0903,0.94,0.6505,0.6336,0.7699,0.7942,0.2282,0.3241,0.9438,0.5476,0.7629,0.0553,0.2166,0.0062,0.6749,0.7304,0.6447,0.6407,0.2029,0.0213,0.5226,0.5378,0.8017,0.5823,0.3548,
0.3188,0.233,0.4546,0.1262,0.9748,0.9301,0.9248,0.7717,0.6177,0.3311,0.6034,0.437,0.3402,0.3973,0.6405,0.7208,0.7384,0.4581,0.8034,0.5948,0.1621,0.8593,0.6118,0.1082,0.4263,0.6282,0.8415,0.3008,0.5441,0.5166,0.4933,0.9724,
0.0201,0.3336,0.7511,0.0868,0.3848,0.4376,0.5508,0.6236,0.9401,0.6231,0.1222,0.6342,0.1401,0.4054,0.2754,0.1079,0.6352,0.8865,0.258,0.0058,0.7718,0.9649,0.7283,0.4859,0.258,0.645,0.76,0.9051,0.7798,0.5942,0.8239,0.6627,
0.5884,0.8988,0.3738,0.3248,0.459,0.1785,0.0087,0.759,0.9741,0.832,0.1767,0.1994,0.7778,0.209,0.0417,0.2602,0.3078,0.9264,0.4416,0.9233,0.5225,0.3862,0.8355,0.4327,0.3116,0.7843,0.7556,0.8499,0.6009,0.5508,0.562,0.7454,
0.6468,0.2116,0.2285,0.1323,0.6506,0.1185,0.4835,0.2842,0.6193,0.3617,0.872,0.5217,0.3469,0.4458,0.2128,0.3995,0.5003,0.991,0.4807,0.9848,0.0532,0.8003,0.3616,0.072,0.7315,0.1265,0.5994,0.2541,0.7108,0.8639,0.7832,0.7381,
0.5341,0.6973,0.4056,0.6749,0.11,0.9422,0.8666,0.5614,0.6916,0.9296,0.5918,0.9608,0.9395,0.3075,0.5896,0.3895,0.5266,0.5563,0.5788,0.723,0.2569,0.3512,0.2873,0.8829,0.3384,0.1426,0.6411,0.8854,0.2751,0.4697,0.3433,0.5567,
0.8252,0.0775,0.7778,0.3482,0.6107,0.8617,0.2604,0.7213,0.2561,0.0329,0.4106,0.5156,0.3859,0.6615,0.8185,0.5607,0.4153,0.94,0.2404,0.5478,0.832,0.0845,0.2757,0.8382,0.5872,0.7848,0.8449,0.4536,0.286,0.5097,0.821,0.9656,
0.1019,0.7728,0.8497,0.384,0.7265,0.677,0.7335,0.4258,0.2096,0.6641,0.7542,0.7433,0.2434,0.4229,0.9583,0.7863,0.3059,0.3293,0.7445,0.9773,0.0845,0.6318,0.052,0.7924,0.7753,0.8276,0.0758,0.1553,0.1759,0.3281,0.7097,0.2777,
0.9727,0.5567,0.8557,0.707,0.2585,0.0852,0.3255,0.8809,0.1142,0.2771,0.3107,0.9282,0.0359,0.1766,0.2978,0.8065,0.0942,0.0596,0.8682,0.1191,0.9794,0.1455,0.0337,0.1185,0.5002,0.4581,0.6357,0.4675,0.6824,0.7188,0.8605,0.3046,
0.3442,0.4584,0.109,0.0409,0.911,0.2403,0.3016,0.0991,0.2802,0.0028,0.1922,0.5009,0.743,0.0497,0.4234,0.8045,0.3273,0.1424,0.8606,0.4023,0.4424,0.4835,0.2101,0.5969,0.3679,0.1175,0.0495,0.1914,0.9621,0.4224,0.1741,0.557,
0.9408,0.9165,0.6003,0.2652,0.2192,0.5623,0.6578,0.4126,0.0989,0.115,0.3455,0.7068,0.5392,0.8331,0.5359,0.2311,0.3499,0.044,0.6659,0.5585,0.9121,0.6431,0.2727,0.5518,0.9509,0.5912,0.1013,0.7466,0.9547,0.8733,0.5434,0.6949,
0.0759,0.1822,0.8461,0.0215,0.7253,0.7973,0.8757,0.2352,0.6257,0.7462,0.2134,0.5257,0.7836,0.3539,0.0183,0.8802,0.6989,0.7139,0.3977,0.8534,0.1414,0.4465,0.9944,0.2401,0.9957,0.3502,0.1203,0.7151,0.9981,0.1968,0.046,0.2275,
0.6719,0.9725,0.9877,0.57,0.4058,0.327,0.9274,0.0757,0.413,0.8536,0.6458,0.84,0.2584,0.0974,0.2532,0.2141,0.7497,0.8625,0.062,0.5681,0.2491,0.4745,0.86,0.4883,0.8816,0.1418,0.5173,0.6347,0.6916,0.456,0.3863,0.4636,
0.5307,0.3736,0.1394,0.8958,0.3477,0.7277,0.5302,0.8003,0.5936,0.4345,0.0607,0.8543,0.6588,0.079,0.6901,0.9382,0.6114,0.4901,0.5313,0.7308,0.0223,0.2517,0.9458,0.5803,0.328,0.83,0.5705,0.0438,0.0108,0.1492,0.588,0.7119,
0.8549,0.9944,0.9876,0.0654,0.6756,0.5807,0.6519,0.1454,0.2132,0.9927,0.8557,0.764,0.3319,0.9665,0.1626,0.8269,0.2722,0.665,0.768,0.0981,0.4674,0.6807,0.0496,0.3955,0.3527,0.4869,0.4618,0.7745,0.6718,0.9568,0.9367,0.731,
0.0172,0.3695,0.6392,0.8333,0.7285,0.5313,0.2652,0.4801,0.8138,0.2537,0.0686,0.6741,0.2661,0.452,0.4561,0.7981,0.9949,0.5516,0.2981,0.3865,0.6124,0.7269,0.0703,0.7961,0.48,0.7333,0.5631,0.4972,0.7452,0.7382,0.1719,0.4296,
0.5821,0.6128,0.7202,0.4982,0.4862,0.5984,0.3528,0.819,0.2665,0.1311,0.2891,0.7686,0.3306,0.8742,0.1249,0.2389,0.9628,0.6889,0.9347,0.7537,0.5584,0.353,0.6382,0.265,0.1986,0.3292,0.9719,0.5142,0.5207,0.7792,0.9297,0.8169,

